-23.5849 -46.6094 774.97 978636.66 978873.911674 978858.987776 978859.797091 -223.137091 16.018651 -70.700492
-23.5834 -46.6095 736.51 978645.30 978873.812671 978858.888507 978859.697824 -214.397824 12.889162 -69.526307
-23.6502 -46.6270 794.05 978638.26 978878.226267 978863.313973 978864.123188 -225.863188 19.180642 -69.673553
-23.5567 -46.6100 759.50 978627.31 978872.051228 978857.122327 978857.931685 -230.621685 3.760015 -81.228035
-23.6247 -46.6610 790.00 978635.78 978876.540309 978861.623481 978862.432735 -226.652735 17.141265 -71.259735
-23.5332 -46.6165 773.20 978635.63 978870.502160 978855.569093 978856.378486 -220.748486 17.861034 -68.660046
-23.6332 -46.6365 794.90 978636.19 978877.102140 978862.186823 978862.996064 -226.806064 18.500076 -70.449234
-23.5299 -46.3315 758.33 978633.13 978870.284726 978855.351075 978856.160473 -223.030473 10.990165 -73.866962
-23.5848 -46.7749 789.12 978635.13 978873.905073 978858.981158 978859.790473 -224.660473 18.861959 -69.440569
-23.5999 -46.6499 779.46 978638.41 978874.901967 978859.980733 978860.790025 -222.380025 18.161331 -69.060243
-23.5898 -46.6149 774.97 978637.09 978874.235116 978859.312089 978860.121396 -223.031396 16.124346 -70.594797
-23.5399 -46.2199 736.30 978645.00 978870.943688 978856.011809 978856.821192 -211.821192 15.400988 -66.990982
-23.6082 -46.9265 853.54 978616.03 978875.450136 978860.530377 978861.339656 -245.309656 18.092788 -77.418338
-23.5199 -46.1832 744.74 978640.40 978869.625979 978854.690556 978855.499969 -215.099969 14.726795 -68.609611
-23.5099 -46.7349 743.62 978637.19 978868.967446 978854.030252 978854.839681 -217.649681 11.831451 -71.379627
-23.4532 -46.7799 766.67 978628.70 978865.237633 978850.290408 978851.099922 -222.399922 14.194440 -71.595933
-23.4332 -46.4832 825.00 978626.81 978863.923654 978848.972894 978849.782439 -222.972439 31.622561 -60.694939
-23.7300 -46.5464 767.23 978656.90 978883.511300 978868.613218 978869.422312 -212.522312 24.244866 -61.608171
-23.8043 -46.5423 748.44 978670.95 978888.444282 978873.559464 978874.368445 -203.418445 27.550139 -56.200297
-23.6746 -46.3497 766.74 978656.13 978879.840799 978864.932846 978865.742025 -209.612025 27.003939 -58.794267
-23.7082 -46.4120 763.22 978659.03 978882.066170 978867.164202 978867.973329 -208.943329 26.586363 -58.817955
-23.6558 -46.4508 846.13 978632.66 978878.596702 978863.685405 978864.494611 -231.834611 29.281107 -65.400840
-23.6444 -46.5210 783.30 978644.25 978877.842672 978862.929346 978863.738570 -219.488570 22.237810 -65.413460
-23.6076 -46.5727 799.40 978639.31 978875.410505 978860.490638 978861.299918 -221.989918 24.704922 -64.747938
-23.6540 -46.5712 753.04 978649.85 978878.477626 978863.566008 978864.375218 -214.525218 17.862926 -66.402250
-23.6246 -46.6609 790.01 978635.47 978876.533700 978861.616854 978862.426108 -226.956108 16.840978 -71.561141
-23.6171 -46.7007 729.82 978650.38 978876.038096 978861.119918 978861.929183 -211.549183 13.673269 -67.993589
-23.6142 -46.7311 813.01 978632.82 978875.846495 978860.927801 978861.737071 -228.917071 21.977815 -68.998004
-23.5719 -46.7012 726.19 978644.56 978873.053809 978858.127605 978858.936940 -214.376940 9.725294 -71.535367
-23.5659 -46.7187 744.57 978640.11 978872.657994 978857.730726 978858.540069 -218.430069 11.344233 -71.973150
-23.5136 -46.7262 720.53 978641.76 978869.211078 978854.274539 978855.083962 -213.323962 9.031596 -71.595711
-23.5072 -46.6891 728.39 978638.45 978868.789679 978853.852007 978854.661440 -216.211440 8.569714 -72.937127
-23.4894 -46.6261 802.71 978621.89 978867.618127 978852.677303 978853.486763 -231.596763 16.119543 -73.703706
-23.5184 -46.6249 721.82 978639.89 978869.527185 978854.591496 978855.400912 -215.510912 7.242740 -73.528918
-23.5675 -46.5871 798.01 978629.06 978872.763538 978857.836553 978858.645894 -229.585894 16.679992 -72.617327
-23.5371 -46.4551 751.27 978636.96 978870.759157 978855.826782 978856.636169 -219.676169 12.165753 -71.901360
-23.5444 -46.4092 761.64 978639.34 978871.240291 978856.309210 978857.118586 -217.778586 17.263518 -67.963998
-23.5284 -46.3448 757.26 978640.72 978870.185900 978855.251983 978856.061384 -215.341384 18.349052 -66.388342
-23.5407 -46.2705 736.88 978649.15 978870.996415 978856.064677 978856.874059 -207.724059 19.677109 -62.779763
-23.5425 -46.2441 737.41 978643.80 978871.115054 978856.183635 978856.993014 -213.193014 14.371712 -68.144467
-23.5210 -46.1949 743.16 978640.29 978869.698431 978854.763202 978855.572614 -215.282614 14.056562 -69.103042
-23.4823 -46.3482 759.89 978634.75 978867.151012 978852.208932 978853.018403 -218.268403 16.233651 -68.798040
-23.7001 -46.7006 785.07 978641.88 978881.529476 978866.626065 978867.435204 -225.555204 16.717398 -71.131935
-23.7807 -46.7251 741.77 978660.95 978886.876139 978871.987105 978872.796122 -211.846122 17.064100 -65.939963
-23.8277 -46.7306 774.66 978662.06 978890.000303 978875.119670 978875.928615 -213.868615 25.191461 -61.492993
-23.8274 -46.8130 746.92 978663.25 978889.980347 978875.099660 978875.908606 -212.658606 17.840906 -65.739442
-23.7170 -46.8490 906.33 978616.81 978882.649403 978867.749004 978868.558117 -251.748117 27.945321 -73.473006
-23.6486 -46.8521 778.06 978637.56 978878.120440 978863.207862 978864.017079 -226.457079 13.652237 -73.412677
-23.6174 -46.9524 853.12 978615.86 978876.057918 978861.139793 978861.949058 -246.089058 17.183774 -78.280354
-23.3956 -46.7657 797.08 978624.53 978861.455707 978846.498309 978847.307911 -222.777911 23.200977 -65.992275
-23.8472 -46.3914 3.68 978816.88 978891.297877 978876.420732 978877.229648 -60.349648 -59.214000 -59.625792
-23.6269 -46.6291 749.49 978646.16 978876.685709 978861.769272 978862.578523 -216.418523 14.874091 -68.993840
-23.6124 -46.6274 745.58 978646.86 978875.727579 978860.808566 978861.617839 -214.757839 15.328149 -68.102253
-23.5814 -46.6257 790.87 978632.69 978873.680674 978858.756156 978859.565476 -226.875476 17.187006 -71.311347
-23.5761 -46.6429 798.06 978630.55 978873.330926 978858.405467 978859.214795 -228.664795 17.616521 -71.686393
-23.5622 -46.6394 752.54 978634.99 978872.413947 978857.486022 978858.295371 -223.305371 8.928473 -75.280753
-23.5477 -46.6386 734.52 978639.13 978871.457828 978856.527331 978857.336702 -218.206702 8.466170 -73.726618
-23.5597 -46.6547 782.84 978629.25 978872.249067 978857.320698 978858.130051 -228.880051 12.704373 -74.895423
-23.5834 -46.6799 732.41 978645.59 978873.812671 978858.888507 978859.697824 -214.107824 11.913902 -70.042777
-23.6201 -46.6784 740.59 978646.29 978876.236323 978861.318678 978862.127939 -215.837939 12.708135 -70.163886
-23.6531 -46.7061 754.20 978646.61 978878.418091 978863.506313 978864.315524 -217.705524 15.040596 -69.354384
-23.6509 -46.6839 793.49 978638.45 978878.272567 978863.360398 978864.169612 -225.719612 19.151402 -69.640129
-23.6747 -46.6782 764.53 978645.99 978879.847418 978864.939484 978865.748662 -219.758662 16.175296 -69.375611
-23.6652 -46.6587 763.11 978645.75 978879.218656 978864.309031 978865.118223 -219.368223 16.127523 -69.264486
-23.5479 -46.6811 822.42 978621.26 978871.471013 978856.540552 978857.349922 -236.089922 17.708890 -74.319908
-23.5167 -46.6392 722.91 978640.74 978869.415225 978854.479235 978855.288653 -214.548653 8.541373 -72.352256
-23.5152 -46.6532 720.74 978641.30 978869.316442 978854.380186 978855.189607 -213.889607 8.530757 -72.120049
-23.5226 -46.6504 721.67 978641.78 978869.803819 978854.868875 978855.678284 -213.898284 8.809078 -71.945795
-23.4739 -46.6671 745.32 978634.70 978866.598509 978851.654944 978852.464427 -217.764427 12.241325 -71.159983
-23.4826 -46.6782 728.76 978638.51 978867.170747 978852.228721 978853.038191 -214.528191 10.367145 -71.181099
-23.4956 -46.6992 757.14 978633.93 978868.026118 978853.086392 978853.895843 -219.965843 13.687561 -71.036405
-23.4837 -46.7126 765.79 978630.25 978867.243111 978852.301279 978853.110747 -222.860747 13.462047 -72.229854
-23.4772 -46.7397 787.68 978625.39 978866.815546 978851.872564 978852.682042 -227.292042 15.786006 -72.355386
-23.4537 -46.6967 796.37 978624.47 978865.270494 978850.323357 978851.132870 -226.662870 19.096912 -70.016891
-23.4317 -46.7254 822.71 978620.20 978863.825140 978848.874115 978849.683663 -229.483663 24.404643 -67.656606
-23.3974 -46.7174 816.33 978619.16 978861.573784 978846.616704 978847.426303 -228.266303 23.653135 -67.694192
-23.3799 -46.6321 798.80 978620.79 978860.426111 978845.465943 978846.275569 -225.485569 21.024111 -68.361609
-23.4724 -46.6192 805.94 978620.81 978866.499864 978851.556033 978852.365519 -231.555519 17.157565 -73.027121
-23.5004 -46.6132 730.54 978636.41 978868.342039 978853.403163 978854.212606 -217.802606 7.642038 -74.105388
-23.5882 -46.6349 806.53 978630.24 978874.129497 978859.206185 978860.015495 -229.775495 19.119663 -71.131044
-23.5671 -46.6387 793.82 978629.60 978872.737151 978857.810095 978858.619437 -229.019437 15.953415 -72.875043
-23.5567 -46.6361 765.97 978633.00 978872.051228 978857.122327 978857.931685 -224.931685 11.446657 -74.265386
-23.5386 -46.5671 741.79 978636.32 978870.858011 978855.925902 978856.735286 -220.415286 8.501108 -74.505193
-23.5391 -46.5592 740.82 978637.32 978870.890963 978855.958942 978856.768327 -219.448327 9.168725 -73.729033
-23.5314 -46.5632 733.29 978637.50 978870.383557 978855.450171 978856.259567 -218.759567 7.533727 -74.521424
-23.5217 -46.5584 729.13 978638.91 978869.744537 978854.809433 978855.618844 -216.708844 8.300674 -73.288973
-23.5287 -46.5906 723.69 978640.22 978870.205665 978855.271801 978856.081201 -215.861201 7.469533 -73.511378
-23.5216 -46.6106 722.66 978641.13 978869.737951 978854.802829 978855.612240 -214.482240 8.530636 -72.335018
-23.4704 -46.5669 730.71 978634.11 978866.368345 978851.424160 978852.233649 -218.123649 7.373457 -74.392992
-23.4657 -46.5307 773.62 978626.10 978866.059308 978851.114292 978851.923788 -225.823788 12.915344 -73.652734
-23.4567 -46.5367 769.06 978623.25 978865.467668 978850.521061 978851.330571 -228.080571 9.251345 -76.806469
-23.4427 -46.5467 795.07 978620.35 978864.547687 978849.598605 978850.408136 -230.058136 15.300466 -73.667867
-23.4512 -46.5644 742.56 978633.07 978865.106197 978850.158617 978850.968135 -217.898135 11.255881 -71.836583
-23.6752 -46.6314 801.97 978640.09 978879.880516 978864.972671 978865.781848 -225.691848 21.796094 -67.944349
-23.6608 -46.5923 747.37 978650.81 978878.927505 978864.017097 978864.826296 -214.016296 16.622086 -67.008617
-23.6681 -46.5795 744.96 978651.96 978879.410573 978864.501464 978865.310652 -213.350652 16.544004 -66.817020
-23.6721 -46.5716 762.66 978650.31 978879.675317 978864.766920 978865.576101 -215.266101 20.090775 -65.250879
-23.6879 -46.5597 760.31 978652.79 978880.721386 978865.815802 978866.624960 -213.834960 20.796706 -64.281983
-23.7046 -46.5352 768.92 978654.19 978881.827622 978866.925012 978867.734145 -213.544145 23.744567 -62.297581
-23.6948 -46.5268 818.45 978643.55 978881.178382 978866.274026 978867.083174 -223.533174 29.040496 -62.544059
-23.6993 -46.5041 776.93 978655.11 978881.476477 978866.572923 978867.382064 -212.272064 27.488534 -59.449933
-23.7098 -46.5004 789.11 978654.34 978882.172200 978867.270517 978868.079642 -213.739642 29.779704 -58.521705
-23.7408 -46.5226 793.86 978653.79 978884.227612 978869.331456 978870.140534 -216.350534 28.634662 -60.198272
-23.7189 -46.5609 771.58 978651.22 978882.775350 978867.875289 978868.684400 -217.464400 20.645188 -65.694614
-23.7260 -46.5433 802.82 978649.15 978883.246063 978868.347268 978869.156368 -220.006368 27.743884 -62.091674
-23.7544 -46.5747 790.23 978651.29 978885.129987 978870.236258 978871.045315 -219.755315 24.109663 -64.317074
-23.7646 -46.5907 767.57 978657.51 978885.807027 978870.915119 978871.724160 -214.214160 22.657942 -63.233141
-23.7717 -46.6111 773.49 978657.29 978886.278431 978871.387790 978872.196820 -214.906820 23.792194 -62.761337
-23.7877 -46.5964 755.50 978663.95 978887.341143 978872.453359 978873.262365 -209.312365 23.834935 -60.705515
-23.8108 -46.5078 761.68 978671.56 978888.876393 978873.992738 978874.801709 -203.241709 31.812739 -53.419253
-23.7886 -46.5189 773.79 978664.43 978887.400936 978872.513314 978873.322318 -208.892318 29.899276 -56.687825
-23.7688 -46.5337 754.09 978663.70 978886.085873 978871.194714 978872.003749 -208.303749 24.408425 -59.974246
-23.7074 -46.4669 797.68 978645.53 978882.013157 978867.111046 978867.920175 -222.390175 23.773873 -65.486519
-23.6984 -46.4816 783.35 978651.16 978881.416854 978866.513140 978867.322282 -216.162282 25.579528 -62.077337
-23.6782 -46.4596 778.97 978650.05 978880.079116 978865.171805 978865.980977 -215.930977 24.459165 -62.707578
-23.6774 -46.4359 788.92 978646.69 978880.026154 978865.118700 978865.927874 -219.237874 24.222838 -64.057310
-23.6766 -46.4459 785.36 978648.13 978879.973194 978865.065598 978865.874773 -217.744773 24.617323 -63.264461
-23.6684 -46.4244 778.04 978647.14 978879.430428 978864.521372 978865.330560 -218.190560 21.912584 -65.150092
-23.7082 -46.4036 756.31 978661.49 978882.066170 978867.164202 978867.973329 -206.483329 26.913937 -57.717152
-23.6846 -46.3719 775.29 978655.13 978880.502859 978865.596688 978866.405851 -211.275851 27.978643 -58.776308
-23.6611 -46.3372 762.82 978655.38 978878.947355 978864.037000 978864.846199 -209.466199 25.940053 -59.419505
-23.6492 -46.3252 768.98 978652.56 978878.160124 978863.247653 978864.056869 -211.496869 25.810359 -60.238503
-23.6184 -46.3164 755.02 978651.51 978876.123992 978861.206045 978862.015308 -210.505308 22.493864 -61.992874
-23.5744 -46.3037 751.22 978650.84 978873.218755 978858.292995 978859.102325 -208.262325 23.564167 -60.497351
-23.5561 -46.3072 755.49 978647.80 978872.011663 978857.082656 978857.892014 -210.092014 23.052200 -61.487131
-23.5377 -46.3126 737.73 978646.26 978870.798698 978855.866429 978856.675815 -210.415815 17.247663 -65.304324
-23.6319 -46.6042 811.63 978633.39 978877.016203 978862.100655 978862.909898 -229.519898 20.949120 -69.872277
-23.6241 -46.6066 789.04 978636.95 978876.500656 978861.583721 978862.392976 -225.442976 18.054768 -70.238808
-23.6161 -46.6104 758.23 978643.25 978875.972025 978861.053669 978861.862936 -218.612936 15.376842 -69.469095
-23.6356 -46.6139 822.09 978631.47 978877.260803 978862.345913 978863.155150 -231.685150 22.011824 -69.980047
-23.6202 -46.6194 788.37 978637.44 978876.242931 978861.325304 978862.134564 -224.694564 18.596418 -69.622185
-23.5847 -46.6177 734.68 978646.29 978873.898473 978858.974540 978859.783855 -213.493855 13.228393 -68.982299
-23.5736 -46.6071 728.02 978646.47 978873.165971 978858.240069 978859.049400 -212.579400 12.087572 -69.377866
-23.5916 -46.6119 778.45 978636.89 978874.353945 978859.431237 978860.240542 -223.350542 16.879128 -70.229427
-23.5814 -46.5902 739.93 978643.13 978873.680674 978858.756156 978859.565476 -216.435476 11.906922 -70.891245
-23.5856 -46.5806 741.16 978644.25 978873.957876 978859.034104 978859.843417 -215.593417 13.128559 -69.807245
-23.5766 -46.5829 754.35 978639.70 978873.363918 978858.438548 978859.247875 -219.547875 13.244535 -71.167230
-23.6014 -46.5827 732.24 978647.57 978875.001023 978860.080055 978860.889345 -213.319345 12.649919 -69.287737
-23.6014 -46.5754 732.21 978647.25 978875.001023 978860.080055 978860.889345 -213.639345 12.320661 -69.613638
-23.5941 -46.5704 790.56 978633.78 978874.518996 978859.596732 978860.406033 -226.626033 17.340783 -71.122881
-23.5859 -46.5682 763.85 978637.94 978873.977678 978859.053959 978859.863272 -221.923272 13.800838 -71.673977
-23.5762 -46.5707 759.20 978638.25 978873.337524 978858.412083 978859.221411 -220.971411 13.317709 -71.636771
-23.5691 -46.5659 789.28 978630.51 978872.869086 978857.942385 978858.751724 -228.241724 15.330084 -72.990348
-23.5602 -46.5404 783.31 978632.14 978872.282042 978857.353762 978858.163114 -226.023114 15.706352 -71.946037
-23.5579 -46.5314 775.46 978632.14 978872.130361 978857.201673 978858.011029 -225.871029 13.435927 -73.338047
-23.5576 -46.5236 748.37 978639.19 978872.110578 978857.181837 978857.991193 -218.801193 12.145789 -71.596814
-23.5699 -46.5402 798.95 978629.65 978872.921863 978857.995304 978858.804641 -229.154641 17.401329 -72.001176
-23.5787 -46.5402 799.54 978629.74 978873.502493 978858.577496 978859.386820 -229.646820 17.091224 -72.377302
-23.5739 -46.5561 786.86 978631.13 978873.185765 978858.259916 978859.069247 -227.939247 14.885749 -73.163885
-23.5924 -46.5592 757.45 978638.38 978874.406760 978859.484194 978860.293497 -221.913497 11.835573 -72.923082
-23.6009 -46.5567 781.76 978634.41 978874.968003 978860.046947 978860.856237 -226.446237 14.804899 -72.674045
-23.6024 -46.5701 733.44 978647.30 978875.067063 978860.146273 978860.955561 -213.655561 12.684023 -69.387913
-23.6529 -46.6129 799.96 978637.38 978878.404861 978863.493048 978864.302259 -226.922259 19.945397 -69.570127
-23.6549 -46.6019 757.58 978646.35 978878.537164 978863.625706 978864.434914 -218.084914 15.704274 -69.068928
-23.6464 -46.5611 779.11 978643.93 978877.974938 978863.061968 978863.871189 -219.941189 20.492157 -66.690252
-23.6439 -46.5511 799.34 978640.47 978877.809606 978862.896192 978863.705417 -223.235417 23.440907 -66.005239
-23.6164 -46.5512 750.87 978643.13 978875.991846 978861.073543 978861.882810 -218.752810 12.965672 -71.056681
-23.6091 -46.5501 739.82 978644.38 978875.509585 978860.589985 978861.399263 -217.019263 11.289189 -71.496669
-23.6212 -46.5259 798.29 978639.40 978876.309011 978861.391561 978862.200821 -222.800821 23.551473 -65.777178
-23.6199 -46.5169 775.14 978644.88 978876.223107 978861.305427 978862.114688 -217.234688 21.973516 -64.764650
-23.6469 -46.4896 785.33 978644.19 978878.008005 978863.095125 978863.904345 -219.714345 22.638493 -65.239934
-23.6304 -46.5234 760.09 978647.26 978876.917049 978862.001234 978862.810480 -215.550480 19.013294 -66.040777
-23.6464 -46.5362 755.02 978649.66 978877.974938 978863.061968 978863.871189 -214.211189 18.787983 -65.698755
-23.6692 -46.5391 804.16 978643.18 978879.483374 978864.574461 978865.383648 -222.203648 25.960128 -64.025376
-23.6796 -46.5334 822.77 978639.88 978880.171802 978865.264740 978866.073911 -226.193911 27.712911 -64.355052
-23.6677 -46.5006 765.95 978651.81 978879.384101 978864.474921 978865.284109 -213.474109 22.898061 -62.811744
-23.6854 -46.5107 810.27 978644.79 978880.555834 978865.649804 978866.458966 -221.668966 28.380356 -62.288857
-23.6541 -46.5712 753.04 978649.69 978878.484242 978863.572641 978864.381851 -214.691851 17.696293 -66.568883
-23.6326 -46.4731 791.25 978644.26 978877.062476 978862.147053 978862.956295 -218.696295 25.483455 -63.057420
-23.6269 -46.4617 833.46 978633.54 978876.685709 978861.769272 978862.578523 -229.038523 28.167233 -65.096941
-23.6449 -46.4531 798.18 978641.82 978877.875737 978862.962501 978863.771724 -221.951724 24.366624 -64.949718
-23.6187 -46.4231 805.87 978639.22 978876.143815 978861.225921 978862.035184 -222.815184 25.876298 -64.300555
-23.6124 -46.4069 826.06 978642.88 978875.727579 978860.808566 978861.617839 -218.737839 36.184277 -56.251837
-23.5934 -46.4189 801.66 978637.90 978874.472780 978859.550392 978860.359694 -222.459694 24.932582 -64.773172
-23.5724 -46.3937 790.11 978639.25 978873.086798 978858.160682 978858.970016 -219.720016 24.107930 -64.305379
-23.5701 -46.3637 761.14 978645.96 978872.935057 978858.008533 978858.817870 -212.857870 22.029934 -63.141632
-23.5612 -46.3334 767.90 978644.47 978872.347993 978857.419891 978858.229241 -213.759241 23.214699 -62.713311
-23.5691 -46.3401 777.77 978643.63 978872.869086 978857.942385 978858.751724 -215.121724 24.898098 -62.134365
-23.5984 -46.3622 759.50 978646.49 978874.802916 978859.881416 978860.690710 -214.200710 20.180990 -64.807060
-23.6244 -46.4834 772.26 978646.56 978876.520482 978861.603601 978862.412855 -215.852855 22.466581 -63.949313
-23.6389 -46.4869 821.84 978636.94 978877.478984 978862.564681 978863.373913 -226.433913 27.185911 -64.777985
-23.6001 -46.4702 789.21 978640.95 978874.915174 978859.993976 978860.803267 -219.853267 23.696939 -64.615660
-23.5947 -46.4512 769.14 978646.00 978874.558611 978859.636453 978860.445753 -214.445753 22.910851 -63.155915
-23.5896 -46.4891 760.61 978639.64 978874.221914 978859.298851 978860.108158 -220.468158 14.256088 -70.856171
-23.5704 -46.4697 799.62 978633.50 978872.954848 978858.028378 978858.837715 -225.337715 21.425017 -68.052461
-23.5502 -46.4621 755.30 978637.99 978871.622644 978856.692591 978857.501958 -219.511958 13.573622 -70.944448
-23.5526 -46.4922 761.37 978637.38 978871.780880 978856.851252 978857.660616 -220.280616 14.678166 -70.519137
-23.5324 -46.4851 769.03 978632.66 978870.449447 978855.516238 978856.325633 -223.665633 13.657025 -72.397432
-23.5074 -46.4682 744.33 978634.56 978868.802847 978853.865210 978854.674642 -220.114642 9.585596 -73.704931
-23.5037 -46.4319 738.52 978637.84 978868.559264 978853.620972 978854.430410 -216.590410 11.316862 -71.323526
-23.5309 -46.4657 789.77 978630.78 978870.350613 978855.417139 978856.226535 -225.446535 18.276487 -70.098776
-23.5374 -46.4266 762.68 978637.01 978870.778928 978855.846605 978856.655992 -219.645992 15.717056 -69.626836
-23.5281 -46.4172 802.74 978629.09 978870.166136 978855.232165 978856.041566 -226.951566 20.773998 -69.052608
-23.5547 -46.3837 806.13 978634.07 978871.919346 978856.990091 978857.799452 -223.729452 25.042266 -65.163681
-23.5411 -46.3674 756.03 978642.14 978871.022778 978856.091112 978856.900493 -214.760493 18.550365 -66.049392
-23.5461 -46.3411 743.67 978647.34 978871.352353 978856.421573 978857.230946 -209.890946 19.605616 -63.611057
-23.5282 -46.3256 737.40 978646.24 978870.172724 978855.238771 978856.048172 -209.808172 17.753468 -64.761592
-23.5236 -46.3384 743.84 978643.15 978869.869690 978854.934923 978855.744330 -212.594330 16.954694 -66.281002
-23.5284 -46.3447 757.26 978640.84 978870.185900 978855.251983 978856.061384 -215.221384 18.469052 -66.268342
-23.5269 -46.3671 778.50 978635.11 978870.087079 978855.152896 978855.962299 -220.852299 19.392801 -67.721349
-23.5012 -46.3974 769.66 978631.90 978868.394698 978853.455963 978854.265405 -222.365405 15.151671 -70.973283
-23.5202 -46.3859 809.95 978626.66 978869.645738 978854.710368 978855.519781 -228.859781 21.090789 -69.542616
-23.5032 -46.4127 766.22 978633.00 978868.526350 978853.587969 978854.397408 -221.397408 15.058084 -70.681934
-23.4946 -46.4041 737.36 978637.70 978867.960308 978853.020405 978853.829856 -216.129856 11.419440 -71.091144
-23.4934 -46.4199 740.28 978635.79 978867.881338 978852.941222 978853.750676 -217.960676 10.489732 -72.347600
-23.4699 -46.4326 749.10 978633.71 978866.335466 978851.391193 978852.200683 -218.490683 12.681577 -71.142713
-23.4859 -46.4364 761.33 978637.31 978867.387845 978852.446403 978853.255868 -215.945868 19.000570 -66.192257
-23.4784 -46.5274 724.49 978634.39 978866.894474 978851.951705 978852.761181 -218.371181 5.206433 -75.863998
-23.4842 -46.4876 727.79 978637.76 978867.276004 978852.334260 978853.143728 -215.383728 9.212266 -72.227435
-23.4686 -46.5169 738.18 978632.57 978866.249985 978851.305482 978852.114973 -219.544973 8.257375 -74.344967
-23.4727 -46.5251 727.60 978634.28 978866.519593 978851.575815 978852.385300 -218.105300 6.432060 -74.986380
-23.4942 -46.5437 723.63 978638.32 978867.933984 978852.994010 978853.803463 -215.483463 7.828755 -73.145442
-23.5021 -46.5549 752.50 978633.24 978868.453940 978853.515365 978854.324805 -221.084805 11.136695 -73.068055
-23.4577 -46.4716 769.52 978627.03 978865.533398 978850.586967 978851.396475 -224.366475 13.107397 -73.001891
-23.4582 -46.4466 746.35 978631.40 978865.566263 978850.619921 978851.429428 -220.029428 10.294182 -73.222383
-23.4456 -46.4202 763.16 978628.95 978864.738220 978849.789651 978850.599177 -221.649177 13.861999 -71.535605
-23.4347 -46.4101 791.27 978622.88 978864.022173 978849.071678 978849.881220 -227.001220 17.184702 -71.358411
-23.4232 -46.4259 764.09 978627.25 978863.266988 978848.314461 978849.124022 -221.874022 13.924152 -71.577519
-23.4072 -46.4331 747.57 978625.50 978862.216770 978847.261419 978848.071003 -222.571003 8.129099 -75.523984
-23.4057 -46.4542 751.64 978628.07 978862.118340 978847.162724 978847.972311 -219.902311 12.053793 -72.054723
-23.4159 -46.4654 743.38 978626.09 978862.787757 978847.833942 978848.643513 -222.553513 6.853555 -76.330667
-23.4234 -46.5026 744.39 978629.56 978863.280119 978848.327628 978849.137188 -219.577188 10.141566 -73.155675
-23.4339 -46.5354 759.30 978629.16 978863.969629 978849.018992 978849.828536 -220.668536 13.651444 -71.314226
-23.4074 -46.5429 749.44 978632.29 978862.229894 978847.274578 978848.084163 -215.794163 15.483021 -68.379315
-23.3969 -46.5216 757.56 978630.63 978861.540984 978846.583815 978847.393416 -216.763416 17.019600 -67.751364
-23.4379 -46.5676 751.80 978632.07 978864.232362 978849.282432 978850.091970 -218.021970 13.983510 -70.142910
-23.6491 -46.5817 768.03 978645.36 978878.153510 978863.241021 978864.050238 -218.690238 18.323820 -67.618737
-23.6557 -46.4294 798.19 978643.88 978878.590087 978863.678771 978864.487978 -220.607978 25.713456 -63.604005
-23.6531 -46.4079 776.23 978646.90 978878.418091 978863.506313 978864.315524 -217.415524 22.129054 -64.731083
-23.6266 -46.3996 777.56 978644.40 978876.665881 978861.749391 978862.558642 -218.158642 21.796374 -65.212590
-23.6324 -46.3794 775.30 978647.31 978877.049255 978862.133796 978862.943038 -215.633038 23.624542 -63.131528
-23.6227 -46.3497 780.27 978645.00 978876.408135 978861.490952 978862.300209 -217.300209 23.491113 -63.821100
-23.5852 -46.3086 760.98 978649.18 978873.931475 978859.007631 978859.816945 -210.636945 24.201483 -60.952179
-23.6207 -46.2969 752.59 978659.44 978876.275971 978861.358432 978862.167692 -202.727692 29.521582 -54.693239
-23.6434 -46.3442 773.32 978649.69 978877.776542 978862.863038 978863.672264 -213.982264 24.664288 -61.870220
-23.6526 -46.3709 795.10 978645.15 978878.385017 978863.473150 978864.282361 -219.132361 26.235499 -62.736191
-23.6809 -46.3967 783.91 978650.29 978880.257872 978865.351041 978866.160210 -215.870210 26.044416 -61.675113
-23.7287 -46.3916 754.50 978665.65 978883.425094 978868.526781 978869.335876 -203.685876 29.152824 -55.275726
-23.7441 -46.3829 757.29 978666.96 978884.446534 978869.550967 978870.360040 -203.400040 30.299654 -54.441097
-23.7456 -46.3644 762.44 978666.50 978884.546052 978869.650753 978870.459823 -203.959823 31.329161 -53.987875
-23.7492 -46.4457 755.89 978665.81 978884.784915 978869.890258 978870.699322 -204.889322 28.378332 -56.205759
-23.5517 -46.6099 733.50 978639.47 978871.721540 978856.791753 978857.601118 -218.131118 8.226982 -73.851668
-23.5244 -46.5686 722.96 978641.31 978869.922389 978854.987763 978855.797169 -214.487169 8.618287 -72.280937
-23.4851 -46.5796 770.66 978623.55 978867.335213 978852.393629 978853.203095 -229.653095 8.172581 -78.064273
-23.4772 -46.5976 794.58 978622.66 978866.815546 978851.872564 978852.682042 -230.022042 15.185346 -73.728156
-23.4632 -46.6039 746.60 978632.97 978865.894946 978850.949488 978851.758988 -218.788988 11.611772 -71.932768
-23.4464 -46.5981 788.38 978624.72 978864.790784 978849.842356 978850.651881 -225.931881 17.362187 -70.857535
-23.4326 -46.5874 793.97 978623.95 978863.884248 978848.933382 978849.742928 -225.792928 19.226214 -69.619029
-23.4052 -46.5794 772.95 978626.21 978862.085531 978847.129827 978847.939415 -221.729415 16.802955 -69.690150
-23.8322 -46.4719 743.15 978681.13 978890.299672 978875.419843 978876.228782 -195.098782 34.237308 -48.921177
-23.8116 -46.4599 751.38 978676.99 978888.929582 978874.046070 978874.855040 -197.865040 34.010828 -50.068594
-23.7694 -46.3527 760.88 978670.06 978886.125711 978871.234659 978872.043693 -201.983693 32.823875 -52.318597
-23.7757 -46.2981 820.76 978650.34 978886.544058 978871.654131 978872.463155 -222.123155 31.163381 -60.679663
-23.7599 -46.2786 823.85 978650.50 978885.495030 978870.602283 978871.411331 -220.911331 33.328779 -58.860036
-23.7474 -46.2661 786.97 978657.11 978884.665480 978869.770502 978870.579569 -213.469569 29.389373 -58.672570
-23.7561 -46.2477 857.47 978640.56 978885.242812 978870.349386 978871.158440 -230.598440 34.016802 -61.934091
-23.6951 -46.2442 761.33 978660.65 978881.198253 978866.293951 978867.103098 -206.453098 28.493340 -56.699487
-23.6876 -46.2247 767.46 978656.39 978880.701519 978865.795882 978866.605040 -210.215040 26.623116 -59.255658
-23.6732 -46.1923 754.66 978653.44 978879.748127 978864.839926 978865.649106 -212.209106 20.678970 -63.767484
-23.6754 -46.1837 770.97 978649.13 978879.893756 978864.985946 978865.795123 -216.665123 21.256219 -65.015324
-23.7026 -46.1911 777.62 978651.72 978881.695107 978866.792141 978867.601277 -215.881277 24.092255 -62.923423
-23.7373 -46.1829 776.95 978651.56 978883.995446 978869.098667 978869.907749 -218.347749 21.419021 -65.521684
-23.7421 -46.1657 722.35 978669.00 978884.313851 978869.417927 978870.227003 -201.227003 21.690207 -59.140758
-23.7972 -46.2074 742.60 978668.66 978887.972385 978873.086299 978873.895291 -205.235291 23.931069 -59.165871
-23.7836 -46.2279 903.74 978634.59 978887.068771 978872.180255 978872.989267 -238.399267 40.494897 -60.633609
-23.7059 -46.2846 765.38 978663.75 978881.913761 978867.011383 978867.820514 -204.070514 32.125754 -53.520268
-23.7211 -46.2809 764.06 978664.59 978882.921193 978868.021525 978868.830632 -204.240632 31.548284 -53.950030
-23.7121 -46.2941 769.72 978664.75 978882.324628 978867.423355 978868.232476 -203.482476 34.053116 -52.078552
-23.7254 -46.3002 772.85 978664.04 978883.206280 978868.307378 978869.116479 -205.076479 33.425031 -53.056884
-23.7359 -46.3087 774.97 978664.16 978883.902588 978869.005558 978869.814643 -205.654643 33.501099 -53.218044
-23.6741 -46.2942 763.81 978661.71 978879.807701 978864.899660 978865.708839 -203.998839 31.712927 -53.757412
-23.6614 -46.2804 790.32 978654.51 978878.967205 978864.056904 978864.866102 -210.356102 33.536650 -54.900158
-23.6541 -46.2721 790.41 978652.20 978878.484242 978863.572641 978864.381851 -212.181851 31.738675 -56.708204
-23.6161 -46.2574 760.05 978653.78 978875.972025 978861.053669 978861.862936 -208.082936 26.468494 -58.581101
-23.6457 -46.2436 760.96 978657.84 978877.928644 978863.015549 978863.824771 -205.984771 28.847485 -56.303939
-23.6792 -46.2411 783.60 978655.29 978880.145320 978865.238187 978866.047358 -210.757358 31.061602 -56.623238
-23.6641 -46.2441 798.79 978650.50 978879.145864 978864.236044 978865.045238 -214.545238 31.961356 -57.423245
-23.7339 -46.2686 784.91 978658.81 978883.769940 978868.872553 978869.681641 -210.871641 31.351585 -56.479844
-23.7287 -46.2169 797.66 978648.19 978883.425094 978868.526781 978869.335876 -221.145876 25.012000 -64.246154
-23.6219 -46.1722 747.78 978655.31 978876.355269 978861.437943 978862.247201 -206.937201 23.827707 -59.848875
-23.5374 -46.1914 752.76 978652.35 978870.778928 978855.846605 978856.655992 -204.305992 27.995744 -56.238100
-23.6877 -46.2247 766.10 978656.96 978880.708142 978865.802522 978866.611680 -209.651680 26.766780 -58.959810
-23.6731 -46.2234 796.91 978650.63 978879.741508 978864.833289 978865.642469 -215.012469 30.913957 -58.260272
-23.6049 -46.1637 770.38 978650.00 978875.232172 978860.311826 978861.121110 -211.121110 26.618158 -59.587364
-23.5724 -46.2536 746.80 978651.44 978873.086798 978858.160682 978858.970016 -207.530016 22.932464 -60.634456
-23.5837 -46.2419 782.57 978644.76 978873.832471 978858.908361 978859.717677 -214.957677 26.543425 -61.026158
-23.5952 -46.2359 801.57 978641.60 978874.591623 978859.669555 978860.478853 -218.878853 28.485649 -61.210034
-23.6087 -46.2331 784.25 978646.89 978875.483163 978860.563492 978861.372771 -214.482771 27.536779 -60.220796
-23.5437 -46.2577 737.02 978646.84 978871.194150 978856.262945 978857.072322 -210.232322 17.212050 -65.260488
-23.5581 -46.2541 739.84 978650.46 978872.143550 978857.214898 978858.024253 -207.564253 20.750371 -62.037725
-23.5277 -46.2979 735.30 978644.51 978870.139783 978855.205742 978856.015144 -211.505144 15.408436 -66.871634
-23.5044 -46.2796 803.59 978628.25 978868.605345 978853.667177 978854.476614 -226.226614 21.761260 -68.160461
-23.4974 -46.3306 732.32 978642.38 978868.144583 978853.205176 978854.014623 -211.634623 14.359329 -67.587279
-23.4962 -46.3279 733.99 978641.66 978868.065606 978853.125986 978853.935435 -212.275435 14.233879 -67.899602
-23.5091 -46.3104 740.02 978642.80 978868.914773 978853.977437 978854.786867 -211.986867 16.383305 -66.424933
-23.5267 -46.3049 733.64 978645.80 978870.073904 978855.139685 978855.949088 -210.149088 16.252216 -65.842100
-23.6501 -46.6706 746.20 978647.30 978878.219652 978863.307341 978864.116556 -216.816556 13.460764 -70.039016
-23.6662 -46.6897 754.86 978647.35 978879.284832 978864.375385 978865.184576 -217.834576 15.115220 -69.353614
-23.6731 -46.7166 737.52 978652.15 978879.741508 978864.833289 978865.642469 -213.492469 14.106203 -68.422285
-23.6927 -46.7141 740.05 978651.94 978881.039285 978866.134556 978866.943707 -215.003707 13.375723 -69.435872
-23.7267 -46.7009 769.15 978649.25 978883.292477 978868.393807 978869.202905 -219.952905 17.406785 -68.661100
-23.7429 -46.7026 773.01 978650.69 978884.366923 978869.471142 978870.280217 -219.590217 18.960669 -67.539150
-23.7467 -46.6716 750.97 978656.94 978884.619035 978869.723932 978870.533000 -213.593000 18.156342 -65.877201
-23.7682 -46.6674 764.40 978654.31 978886.046036 978871.154770 978871.963805 -217.653805 18.240035 -67.296325
-23.7617 -46.6951 755.40 978656.06 978885.614513 978870.722087 978871.531132 -215.471132 17.645308 -66.883952
-23.7829 -46.7096 781.73 978652.47 978887.022272 978872.133631 978872.942644 -220.472644 20.769234 -66.706353
-23.7682 -46.7426 796.24 978649.69 978886.046036 978871.154770 978871.963805 -222.273805 23.445859 -65.653397
-23.8252 -46.7521 775.52 978660.93 978889.834006 978874.952926 978875.761875 -214.831875 24.493597 -62.287091
-23.8224 -46.7679 767.88 978662.32 978889.647769 978874.766188 978875.575141 -213.255141 23.712627 -62.213145
-23.8404 -46.7836 751.59 978667.41 978890.845298 978875.966937 978876.775862 -209.365862 22.574812 -61.528109
-23.8276 -46.7306 774.58 978662.13 978889.993651 978875.113000 978875.921945 -213.791945 25.243443 -61.432059
-23.8376 -46.5778 778.87 978668.84 978890.658971 978875.780108 978876.589038 -207.749038 32.610244 -54.545309
-23.8386 -46.5888 750.20 978675.72 978890.725514 978875.846831 978876.655759 -200.935759 30.575961 -53.371419
-23.7694 -46.6481 766.88 978648.13 978886.125711 978871.234659 978872.043693 -223.913693 12.745475 -73.068397
-23.7796 -46.6459 763.11 978657.36 978886.803077 978871.913846 978872.722865 -215.362865 20.132881 -65.259128
-23.8076 -46.6407 769.41 978661.66 978888.663650 978873.779423 978874.588398 -212.928398 24.511528 -61.585451
-23.8111 -46.6642 761.95 978665.57 978888.896339 978874.012737 978874.821708 -209.251708 25.886062 -59.376143
-23.7929 -46.6882 798.91 978648.31 978887.686641 978872.799787 978873.608785 -225.298785 21.244841 -68.153188
-23.8101 -46.6936 802.50 978653.94 978888.829854 978873.946073 978874.755045 -220.815045 26.836455 -62.963295
-23.4199 -46.4071 770.09 978626.03 978863.050335 978848.097226 978848.906791 -222.876791 14.772983 -71.400088
-23.5197 -46.2284 751.24 978639.38 978869.612806 978854.677348 978855.486761 -216.106761 15.725903 -68.337853
-23.5539 -46.2207 769.88 978637.61 978871.866596 978856.937199 978857.746561 -220.136561 17.448407 -68.701165
-23.5554 -46.1987 789.34 978639.35 978871.965504 978857.036373 978857.845732 -218.495732 25.094592 -63.232554
-23.5764 -46.1739 769.07 978648.18 978873.350721 978858.425316 978859.234643 -211.054643 26.280359 -59.778574
-23.8139 -46.8006 742.23 978664.63 978889.082509 978874.199408 978875.008374 -210.378374 18.673804 -64.381733
-23.8158 -46.8305 742.61 978661.85 978889.208848 978874.326086 978875.135050 -213.285050 15.884396 -67.213663
-23.8013 -46.8447 794.00 978649.04 978888.244876 978873.359522 978874.168508 -225.128508 19.899892 -68.948708
-23.6314 -46.7365 750.97 978647.25 978876.983151 978862.067514 978862.876758 -215.626758 16.122584 -67.910959
-23.6224 -46.7632 782.98 978639.31 978876.388310 978861.471074 978862.280331 -222.970331 18.657297 -68.958165
-23.6285 -46.8090 797.03 978634.80 978876.791461 978861.875309 978862.684557 -227.884557 18.078901 -71.108756
-23.6857 -46.8020 831.53 978632.49 978880.575699 978865.669723 978866.478885 -233.988885 22.621273 -70.426934
-23.6756 -46.8164 773.64 978643.19 978879.906995 978864.999221 978865.808398 -222.618398 16.126906 -70.443410
-23.7463 -46.8494 925.99 978616.28 978884.592496 978869.697321 978870.506390 -254.226390 31.534124 -72.084157
-23.7815 -46.8631 842.16 978635.41 978886.929277 978872.040386 978872.849402 -237.439402 22.451174 -71.786530
-23.8270 -46.9258 802.92 978648.55 978889.953739 978875.072980 978875.881927 -227.331927 20.449185 -69.397563
-23.4387 -46.4758 760.25 978625.89 978864.284912 978849.335124 978850.144661 -224.254661 10.358489 -74.713486
-23.5297 -46.1594 742.92 978645.24 978870.271549 978855.337862 978856.147261 -210.907261 18.357851 -64.774897
-23.4948 -46.2253 913.33 978603.74 978867.973470 978853.033602 978853.843053 -250.103053 31.750585 -70.451042
-23.6847 -46.6269 785.30 978643.21 978880.509481 978865.603327 978866.412490 -223.202490 19.141090 -68.733980
-23.6613 -46.6932 752.73 978646.95 978878.960589 978864.050269 978864.859468 -217.909468 14.383010 -69.847477
-23.6859 -46.7546 751.15 978652.47 978880.588943 978865.683003 978866.492164 -214.022164 17.782726 -66.270959
-23.7260 -46.7730 747.49 978655.15 978883.246063 978868.347268 978869.156368 -214.006368 16.669046 -66.975085
-23.7454 -46.7725 769.59 978651.75 978884.532783 978869.637448 978870.446518 -218.696518 18.798956 -67.318165
-23.7661 -46.7877 738.38 978660.45 978885.906611 978871.014970 978871.824009 -211.374009 16.490059 -66.134663
-23.7617 -46.8381 787.76 978647.57 978885.614513 978870.722087 978871.531132 -223.961132 19.141604 -69.008740
-23.7930 -46.8724 931.12 978618.00 978887.693286 978872.806449 978873.615447 -255.615447 31.728185 -72.464143
-23.8061 -46.9480 762.55 978652.19 978888.563934 978873.679439 978874.488417 -222.298417 13.024513 -72.304832
-23.8288 -46.9825 782.58 978652.13 978890.073478 978875.193042 978876.001985 -223.871985 17.632203 -69.938499
-23.7839 -46.9106 845.99 978636.54 978887.088699 978872.200237 978873.009249 -236.469249 24.603265 -70.063016
-23.7755 -46.9313 886.79 978625.90 978886.530776 978871.640813 978872.449838 -246.549838 27.113556 -72.118245
-23.7496 -46.9701 946.69 978611.40 978884.811457 978869.916871 978870.725935 -259.325935 32.822599 -73.112012
-23.7539 -46.9180 880.00 978625.35 978885.096805 978870.202986 978871.012044 -245.662044 25.905956 -72.566044
-23.7002 -47.0101 946.66 978599.54 978881.536101 978866.632708 978867.441847 -267.901847 24.237429 -81.693825
-23.6193 -46.9744 929.55 978600.69 978876.183461 978861.265673 978862.074936 -261.384936 25.474194 -78.542451
-23.6080 -46.9526 885.33 978609.29 978875.436926 978860.517130 978861.326410 -252.036410 21.176428 -77.891999
-23.5972 -46.9802 923.91 978600.19 978874.723678 978859.801965 978860.611261 -260.421261 24.697365 -78.688164
-23.6347 -46.9552 776.44 978633.55 978877.201303 978862.286253 978863.095491 -229.545491 10.063893 -76.819743
-23.6497 -46.9568 872.48 978614.47 978878.193195 978863.280812 978864.090028 -249.620028 19.627300 -78.003212
-23.6590 -46.9477 893.74 978609.86 978878.808410 978863.897682 978864.706884 -254.846884 20.961280 -79.048226
-23.6493 -46.9153 892.77 978609.74 978878.166738 978863.254285 978864.063501 -254.323501 21.185321 -78.715642
-23.6455 -46.9005 806.72 978627.69 978877.915417 978863.002287 978863.811509 -236.121509 12.832283 -77.439685
-23.6850 -46.8959 830.60 978628.00 978880.529346 978865.623246 978866.432408 -238.432408 17.890752 -75.053388
-23.7476 -46.9005 805.03 978641.19 978884.678750 978869.783808 978870.592875 -229.402875 19.029383 -71.053474
-23.7262 -46.8930 791.88 978641.32 978883.259324 978868.360564 978869.169664 -227.849664 16.524504 -72.086868
-23.6124 -46.7922 754.35 978642.66 978875.727579 978860.808566 978861.617839 -218.957839 13.834571 -70.577194
-23.6141 -46.8201 842.62 978621.97 978875.839888 978860.921177 978861.730447 -239.760447 20.272085 -74.017093
-23.5775 -46.8363 767.02 978635.50 978873.423306 978858.498096 978859.307422 -223.807422 12.894950 -72.934588
-23.6095 -46.8452 836.61 978622.01 978875.536007 978860.616479 978861.425756 -239.415756 18.762090 -74.854569
-23.6290 -46.8798 796.23 978629.82 978876.824510 978861.908446 978862.717694 -232.897694 12.818884 -76.279253
-23.5999 -46.8763 755.44 978638.01 978874.901967 978859.980733 978860.790025 -222.780025 10.348759 -74.184977
-23.6174 -46.8921 771.66 978634.11 978876.057918 978861.139793 978861.949058 -227.839058 10.295218 -76.053536
-23.5802 -46.9023 781.45 978629.07 978873.601481 978858.676750 978859.486071 -230.416071 10.739399 -76.704856
-23.5645 -46.9276 748.69 978632.50 978872.565649 978857.638132 978858.447477 -225.947477 5.098257 -78.680154
-23.5484 -46.9339 764.89 978627.65 978871.503975 978856.573603 978857.382973 -229.732973 6.312081 -79.279110
-23.5421 -46.9638 759.36 978627.84 978871.088689 978856.157200 978856.966579 -229.126579 5.211917 -79.760467
-23.5544 -46.9833 803.66 978618.81 978871.899565 978856.970256 978857.779617 -238.969617 9.039859 -80.889695
-23.5707 -46.9934 803.08 978620.35 978872.974640 978858.048223 978858.857559 -238.507559 9.322929 -80.541723
-23.5164 -46.9832 807.27 978623.55 978869.395468 978854.459425 978855.268844 -231.718844 17.404678 -72.928835
-23.5992 -46.7498 740.12 978645.28 978874.855742 978859.934384 978860.743677 -215.463677 12.937355 -69.882073
-23.5857 -46.7595 747.32 978640.44 978873.964477 978859.040722 978859.850035 -219.410035 11.212917 -72.412191
-23.5549 -46.8016 808.78 978624.56 978871.932534 978857.003314 978857.812674 -233.252674 16.336834 -74.165648
-23.5467 -46.8336 785.11 978628.16 978871.391905 978856.461232 978857.270604 -229.110604 13.174342 -74.679467
-23.5693 -46.8594 827.89 978620.59 978872.882280 978857.955615 978858.764953 -238.174953 17.311901 -75.328990
-23.5324 -46.8835 789.32 978623.44 978870.449447 978855.516238 978856.325633 -232.885633 10.698519 -77.626389
-23.5165 -46.9287 753.30 978629.50 978869.402054 978854.466028 978855.275447 -225.775447 6.692933 -77.601337
-23.5071 -46.9530 888.35 978603.05 978868.783096 978853.845406 978854.654838 -251.604838 22.539972 -76.866393
-23.4835 -46.9742 996.99 978580.44 978867.229953 978852.288086 978853.097555 -272.657555 35.013559 -76.549622
-23.4881 -46.9442 1003.85 978578.95 978867.532591 978852.591537 978853.400999 -274.450999 35.337111 -76.993704
-23.4902 -46.9178 995.99 978581.50 978867.670766 978852.730084 978853.539543 -272.039543 35.322971 -76.128310
-23.5029 -46.8900 836.19 978614.61 978868.506601 978853.568168 978854.377607 -239.767607 18.280627 -75.289034
-23.4957 -46.9888 846.95 978616.07 978868.032699 978853.092991 978853.902441 -237.832441 23.536329 -71.237376
-23.4609 -47.0011 816.69 978619.19 978865.743745 978850.797881 978851.607384 -232.417384 19.613150 -71.774461
-23.4457 -46.9136 722.61 978637.19 978864.744790 978849.796239 978850.605765 -213.415765 9.581681 -71.278378
-23.4026 -46.9668 714.99 978641.43 978861.914934 978846.958771 978847.768363 -206.338363 14.307551 -65.699830
-23.4192 -46.9867 753.50 978631.00 978863.004381 978848.051149 978848.860715 -217.860715 14.669385 -69.647265
-23.4008 -47.0016 711.60 978640.72 978861.796837 978846.840357 978847.649951 -206.929951 12.669809 -66.958231
-23.3785 -47.0035 790.40 978621.69 978860.334326 978845.373911 978846.183539 -224.493539 19.423901 -69.021859
-23.3920 -46.9121 702.49 978643.75 978861.219574 978846.261541 978847.071149 -203.321149 13.467265 -65.141366
-23.4070 -46.8903 720.41 978639.93 978862.203646 978847.248259 978848.057844 -208.127844 14.190682 -66.423197
-23.4377 -46.8753 737.32 978636.64 978864.219224 978849.269259 978850.078797 -213.438797 14.098155 -68.407953
-23.5193 -46.7619 735.07 978638.22 978869.586461 978854.650931 978855.460346 -217.240346 9.602256 -72.652077
-23.5099 -46.7775 732.50 978637.82 978868.967446 978854.030252 978854.839681 -217.019681 9.029819 -72.936931
-23.5100 -46.8110 742.34 978634.06 978868.974031 978854.036854 978854.846282 -220.786282 8.299842 -74.768004
-23.4674 -46.8246 769.16 978628.38 978866.171082 978851.226367 978852.035860 -223.655860 13.706916 -72.362088
-23.4384 -46.8215 739.24 978633.60 978864.265206 978849.315364 978850.124902 -216.524902 11.604562 -71.116394
-23.3793 -46.8593 706.14 978638.84 978860.386774 978845.426501 978846.236127 -207.396127 10.518677 -68.498389
-23.6024 -46.6610 754.73 978642.74 978875.067063 978860.146273 978860.955561 -218.215561 14.694117 -69.760170
-23.5410 -46.7111 752.69 978636.99 978871.016187 978856.084503 978856.893884 -219.903884 12.376250 -71.849761
-23.5238 -46.6805 728.64 978638.45 978869.882865 978854.948133 978855.757540 -217.307540 7.550764 -73.984052
-23.5280 -46.7242 735.42 978639.07 978870.159548 978855.225560 978856.034961 -216.964961 9.985651 -72.307847
-23.4939 -46.7559 731.88 978639.94 978867.914241 978852.974215 978853.783667 -213.843667 12.014501 -69.882871
-23.4630 -46.7786 823.10 978619.09 978865.881798 978850.936305 978851.745804 -232.655804 21.352856 -70.752034
-23.4088 -46.7542 766.20 978632.31 978862.321767 978847.366698 978848.176280 -215.866280 20.583040 -65.154740
-23.3854 -46.7626 722.70 978634.34 978860.786737 978845.827539 978846.637157 -212.297157 10.728063 -70.142067
-23.4591 -46.7412 820.24 978617.22 978865.625422 978850.679239 978851.488745 -234.268745 18.857319 -72.927537
-23.4469 -46.3634 747.52 978636.25 978864.823637 978849.875298 978850.684822 -214.434822 16.249850 -67.397638
-23.3712 -46.3249 803.78 978620.32 978859.855800 978844.894098 978845.703737 -225.383737 22.662771 -67.280211
-23.4281 -46.3286 746.28 978636.99 978863.588727 978848.637066 978849.446619 -212.456619 17.845389 -65.663343
-23.4437 -46.3088 751.42 978636.32 978864.613386 978849.664481 978850.474010 -214.154010 17.734202 -66.349696
-23.4596 -46.2806 730.91 978640.93 978865.658289 978850.712194 978851.521699 -210.591699 14.967127 -66.821702
-23.4416 -46.2539 715.29 978643.99 978864.475420 978849.526144 978850.335677 -206.345677 14.392817 -65.648134
-23.4185 -46.2827 728.55 978641.22 978862.958429 978848.005073 978848.814640 -207.594640 17.235890 -64.288855
-23.3733 -46.2843 758.91 978632.13 978859.993446 978845.032115 978845.841751 -213.711751 20.487875 -64.434154
-23.4219 -46.9841 576.66 978668.57 978863.181637 978848.228881 978849.038443 -180.468443 -2.511167 -67.039421
-23.6046 -46.9191 853.12 978615.86 978875.212358 978860.291959 978861.101243 -245.241243 18.031589 -77.432539
-23.6413 -47.0149 938.00 978599.95 978877.637676 978862.723799 978863.533028 -263.583028 25.883772 -79.078428
-23.8413 -46.9321 761.27 978658.44 978890.905192 978876.026992 978876.835917 -218.395917 16.532005 -68.654108
-23.8180 -46.9238 746.92 978658.45 978889.355145 978874.472776 978875.281737 -216.831737 13.667775 -69.912573
-23.7977 -46.9143 820.58 978641.90 978888.005614 978873.119617 978873.928608 -232.028608 21.202380 -70.620522
-23.7752 -46.9141 812.45 978641.39 978886.510853 978871.620837 978872.429862 -231.039862 19.682208 -71.230947
-23.7546 -46.9010 811.90 978639.60 978885.143260 978870.249567 978871.058623 -231.458623 19.093717 -71.757893
-23.7291 -46.8932 800.32 978639.81 978883.451619 978868.553376 978869.362472 -229.552472 17.426280 -72.129528
-23.7110 -46.8768 789.74 978640.78 978882.251726 978867.350257 978868.159380 -227.379380 16.334384 -72.037522
-23.5222 -46.1890 749.03 978639.40 978869.777472 978854.842456 978855.651866 -216.251866 14.898792 -68.917665
-23.5355 -46.1928 752.80 978642.95 978870.653719 978855.721060 978856.530449 -213.580449 18.733631 -65.504689
-23.5498 -46.1829 787.03 978639.51 978871.596272 978856.666148 978857.475516 -217.965516 24.911942 -63.156715
-23.5680 -46.1919 748.46 978650.94 978872.796521 978857.869625 978858.678965 -207.738965 23.235791 -60.516883
-23.5782 -46.1812 763.60 978649.50 978873.469498 978858.544412 978859.353737 -209.853737 25.793223 -59.653617
-23.5916 -46.1720 778.57 978648.65 978874.353945 978859.431237 978860.240542 -211.590542 28.676160 -58.445823
-23.6156 -46.1707 752.37 978654.19 978875.938990 978861.020545 978861.829813 -207.639813 24.541569 -59.648634
-23.6325 -46.1719 748.68 978654.74 978877.055866 978862.140424 978862.949667 -208.209667 22.832981 -60.944311
-23.6472 -46.1654 746.63 978653.75 978878.027846 978863.115019 978863.924239 -210.174239 20.235779 -63.312118
-23.6575 -46.1794 774.84 978647.56 978878.709169 978863.798174 978864.607378 -217.047378 22.068246 -64.636350
-23.6737 -46.1845 772.41 978648.47 978879.781224 978864.873111 978865.682291 -217.212291 21.153435 -65.279244
-23.6510 -46.8514 803.72 978631.78 978878.279182 978863.367030 978864.176244 -232.396244 15.631748 -74.304520
-23.6033 -46.9193 854.05 978615.25 978875.126500 978860.205870 978861.015157 -245.765157 17.794673 -77.773522
-23.3695 -46.1791 643.20 978660.72 978859.744378 978844.782377 978845.592019 -184.872019 13.619501 -58.354579
-23.3914 -46.2190 649.00 978660.00 978861.180222 978846.222083 978847.031691 -187.031691 13.249709 -59.373391
-23.4108 -46.2302 654.00 978658.32 978862.453021 978847.498305 978848.307884 -189.987884 11.836516 -61.346084
-23.4591 -46.3030 774.00 978633.78 978865.625422 978850.679239 978851.488745 -217.708745 21.147655 -65.462945
-23.4649 -46.2447 747.00 978638.57 978866.006711 978851.061554 978851.871050 -213.301050 17.223150 -66.366150
-23.4519 -46.2247 748.00 978637.64 978865.152199 978850.204743 978851.014260 -213.374260 17.458540 -66.242660
-23.4429 -46.2288 673.00 978653.72 978864.560826 978849.611780 978850.421311 -196.701311 10.986489 -64.322211
-23.4930 -46.2037 898.00 978608.94 978867.855015 978852.914829 978853.724283 -244.784283 32.338517 -68.147683
-23.4555 -46.1600 734.00 978640.06 978865.388796 978850.441977 978851.251488 -211.191488 15.320912 -66.813688
-23.4234 -46.1640 642.00 978658.91 978863.280119 978848.327628 978849.137188 -190.227188 7.894012 -63.945788
-23.4083 -46.1619 623.00 978664.32 978862.288955 978847.333798 978848.143381 -183.823381 8.434419 -61.279281
-23.4389 -46.2655 710.80 978645.69 978864.298050 978849.348297 978850.157834 -204.467834 14.885046 -64.653474
-23.4589 -46.2081 703.00 978647.36 978865.612275 978850.666057 978851.475563 -204.115563 12.830237 -65.835463
-23.4354 -46.1964 708.00 978646.19 978864.068150 978849.117778 978849.927320 -203.737320 14.751480 -64.473720
-23.4539 -46.2380 717.00 978645.21 978865.283638 978850.336536 978851.146050 -205.936050 15.330150 -64.902150
-23.4378 -46.2480 692.20 978649.94 978864.225793 978849.275846 978850.085384 -200.145384 13.467536 -63.989644
-23.4459 -46.2804 739.00 978640.49 978864.757931 978849.809415 978850.618941 -210.128941 17.926459 -64.767641
-23.4212 -46.2193 623.00 978663.16 978863.135680 978848.182801 978848.992364 -185.832364 6.425436 -63.288264
-23.4218 -46.2016 624.00 978661.81 978863.175071 978848.222298 978849.031860 -187.221860 5.344540 -64.481060
-23.4088 -46.2056 646.40 978659.47 978862.321767 978847.366698 978848.176280 -188.706280 10.772760 -61.559400
-23.3936 -46.1850 639.00 978661.25 978861.324519 978846.366768 978847.176373 -185.926373 11.269027 -60.235073
-23.3940 -46.1693 684.40 978653.31 978861.350756 978846.393075 978847.202680 -193.892680 17.313160 -59.271200
-23.3809 -46.2046 664.00 978656.82 978860.491674 978845.531683 978846.341308 -189.521308 15.389092 -58.912508
-23.3925 -46.2386 617.20 978665.47 978861.252369 978846.294424 978847.104031 -181.634031 8.833889 -60.230791
-23.4831 -46.2634 790.00 978629.79 978867.203639 978852.261701 978853.071170 -223.281170 20.512830 -67.888170
-23.4663 -46.3407 746.30 978638.54 978866.098757 978851.153847 978851.963342 -213.423342 16.884838 -66.626132
-23.4426 -46.3246 743.00 978639.54 978864.541117 978849.592018 978850.401549 -210.861549 18.428251 -64.713449
-23.3994 -46.3233 837.00 978616.81 978861.704989 978846.748261 978847.557858 -230.747858 27.550342 -66.109958
-23.4007 -46.3186 799.00 978631.31 978861.790277 978846.833778 978847.643373 -216.333373 30.238027 -59.170073
-23.4141 -46.3714 759.00 978632.31 978862.669608 978847.715475 978848.525050 -216.215050 18.012350 -66.919750
-23.4058 -46.2954 789.80 978628.99 978862.124902 978847.169304 978847.978890 -218.988890 24.743390 -63.635230
-23.3853 -46.2692 675.30 978652.18 978860.780180 978845.820964 978846.630582 -194.450582 13.946998 -61.619072
